1	1	1
2761	7	1
16000	17	1
1513	115	1
3311	1281	1
3995	1281	1
4199	1281	1
4404	1281	1
5961	1281	1
6090	1281	1
6901	4060	1
6980	1281	1
9004	1281	1
9218	1281	1
1525	115	1
9273	1281	1
11829	1281	1
16176	1281	1
6901	5964	1
5859	1282	1
2557	1283	1
2558	1283	1
3143	1283	1
3356	1283	1
9251	1283	1
1740	115	1
6901	3139	1
1320	1284	1
1398	1284	1
1457	1284	1
1490	1284	1
6901	8999	1
1496	1284	1
1284	1537	1
1813	1284	1
2248	1284	1
1822	115	1
2514	1284	1
2635	1284	1
2710	1284	1
2786	1284	1
2824	1284	1
2834	1284	1
3060	1284	1
3131	1284	1
3342	1284	1
3362	1284	1
1823	115	1
3592	1284	1
3657	1284	1
3737	1284	1
3832	1284	1
4162	1284	1
4669	1284	1
4770	1284	1
4954	1284	1
5136	1284	1
5153	1284	1
2694	115	1
5402	1284	1
5772	1284	1
9121	1284	1
6901	13783	1
6901	8432	1
1285	1285	1
1425	1285	1
1430	1285	1
2421	1285	1
2545	1285	1
2767	115	1
2641	1285	1
4092	1285	1
4094	1285	1
4191	1285	1
4199	1285	1
5026	1285	1
5667	1285	1
6901	2877	1
10406	1285	1
11803	1285	1
2820	115	1
1796	1286	1
1808	1286	1
6901	4552	1
6901	9318	1
2341	1286	1
2511	1286	1
6901	8298	1
6901	3280	1
3100	1286	1
6901	1617	1
2989	115	1
3615	1286	1
5984	4782	1
6400	4782	1
1263	4782	1
4241	18669	1
4241	13692	1
4241	5280	1
7205	1286	1
4241	1166	1
8928	1286	1
3511	115	1
4241	18086	1
4241	6416	1
4241	15690	1
1286	241	1
4241	9205	1
1287	1287	1
1301	1287	1
1381	1287	1
1398	1287	1
1470	1287	1
16375	17	1
6980	115	1
1475	1287	1
1498	1287	1
1698	1287	1
1819	1287	1
2496	1287	1
1287	2777	1
2784	1287	1
2786	1287	1
3311	1287	1
3312	1287	1
903	116	1
3596	1287	1
4228	1287	1
4404	1287	1
4669	1287	1
5062	1287	1
5156	1287	1
5480	1287	1
8924	1287	1
9155	1287	1
11601	1287	1
1080	116	1
16053	1287	1
16097	1287	1
18100	1287	1
1288	1288	1
1320	1288	1
1288	1819	1
2314	1288	1
2510	1288	1
2514	1288	1
2859	1288	1
1425	116	1
3139	1288	1
3167	1288	1
1288	3199	1
4603	1288	1
9033	1288	1
16849	1289	1
5540	1290	1
5665	1290	1
5888	1290	1
1455	1291	1
1740	116	1
1827	1291	1
5957	1291	1
15914	1291	1
2729	1292	1
2784	1292	1
3714	1292	1
5130	1292	1
5149	1292	1
7784	7784	1
3427	1293	1
408	117	1
3822	1293	1
4558	1293	1
1475	1295	1
1809	1295	1
5706	1295	1
2863	1296	1
3891	1296	1
4408	1296	1
5345	1296	1
409	117	1
6735	1296	1
9436	1296	1
15273	1296	1
1297	1297	1
1867	1297	1
1889	1297	1
2570	1297	1
2780	1297	1
3076	1297	1
3237	1297	1
765	117	1
8369	1297	1
1298	1298	1
1305	1298	1
1901	1298	1
2765	1298	1
6828	1298	1
4241	2866	1
1681	1299	1
2405	1299	1
2740	1299	1
880	117	1
2997	1299	1
3371	1299	1
6117	1299	1
7385	1299	1
15214	1299	1
2363	1300	1
2364	1300	1
2824	1300	1
3446	1300	1
1750	117	1
1301	1301	1
1320	1301	1
1301	1398	1
1425	1301	1
1430	1301	1
1475	1301	1
1490	1301	1
1301	1501	1
1301	2248	1
2378	1301	1
16446	17	1
1819	117	1
2496	1301	1
2510	1301	1
1301	2514	1
2527	1301	1
1301	2570	1
2710	1301	1
2780	1301	1
2799	1301	1
2834	1301	1
2859	1301	1
2073	117	1
2941	1301	1
3131	1301	1
3135	1301	1
1301	3199	1
3362	1301	1
3479	1301	1
1301	3583	1
3926	1301	1
1301	3945	1
10245	4782	1
5167	117	1
1301	4028	1
4094	1301	1
4199	1301	1
4248	1301	1
4927	1301	1
5392	1301	1
5396	1301	1
5558	1301	1
1301	5667	1
5772	1301	1
11384	117	1
5866	1301	1
5926	1301	1
6571	1301	1
6572	1301	1
1301	6849	1
9033	1301	1
9765	1301	1
9819	1301	1
10406	1301	1
10942	1301	1
150	118	1
11888	1301	1
12203	1301	1
16097	1301	1
16834	1301	1
1302	1302	1
1305	1302	1
1409	1302	1
1518	1302	1
1574	1302	1
1702	1302	1
1078	118	1
1793	1302	1
1796	1302	1
1804	1302	1
1809	1302	1
1839	1302	1
2061	1302	1
2436	1302	1
2437	1302	1
2511	1302	1
2534	1302	1
1475	118	1
2566	1302	1
2777	1302	1
2779	1302	1
2829	1302	1
2941	1302	1
2995	1302	1
3031	1302	1
3100	1302	1
3137	1302	1
3221	1302	1
3520	118	1
3251	1302	1
3343	1302	1
3438	1302	1
3463	1302	1
3479	1302	1
3554	1302	1
3570	1302	1
3927	1302	1
4023	1302	1
4070	1302	1
5153	118	1
4078	1302	1
4206	1302	1
4266	1302	1
4378	1302	1
4380	1302	1
4386	1302	1
4395	1302	1
4517	1302	1
5140	1302	1
5349	1302	1
120	120	1
5668	1302	1
5895	1302	1
6007	1302	1
6320	1302	1
6817	1302	1
6829	1302	1
6888	1302	1
7129	1302	1
7455	1302	1
8835	1302	1
3196	3950	1
289	120	1
8928	1302	1
8950	1302	1
9045	1302	1
9201	1302	1
9310	1302	1
9467	1302	1
9820	1302	1
9896	1302	1
10845	1302	1
11768	1302	1
344	120	1
16029	1302	1
16045	1302	1
16360	1302	1
18082	1302	1
4055	4782	1
4026	4782	1
6774	4782	1
10166	4782	1
13049	4782	1
2964	4782	1
345	120	1
15248	4782	1
4381	9281	1
2619	1303	1
2995	1303	1
3100	1303	1
3343	1303	1
4380	1303	1
9820	1303	1
16360	1303	1
2511	1304	1
346	120	1
2732	1304	1
2995	1304	1
3100	1304	1
3343	1304	1
4206	1304	1
4395	1304	1
6888	1304	1
7455	1304	1
9820	1304	1
16360	1304	1
384	120	1
4381	2995	1
1801	1305	1
2098	1305	1
2372	1305	1
3336	1305	1
3543	1305	1
6007	1305	1
4381	3356	1
1492	1307	1
553	120	1
4381	7895	1
1309	1308	1
1498	1308	1
1500	1308	1
1501	1308	1
2484	1308	1
9011	1308	1
554	120	1
5406	1309	1
2534	1310	1
3143	1310	1
4015	1310	1
4016	1310	1
4380	1310	1
5610	1310	1
6780	1310	1
4381	9284	1
2718	1311	1
798	120	1
4353	1311	1
6124	1311	1
9631	1311	1
4381	7284	1
2718	1312	1
4353	1312	1
6124	1312	1
9631	1312	1
2225	1313	1
2534	1313	1
1006	120	1
2718	1313	1
2995	1313	1
3221	1313	1
3356	1313	1
3374	1313	1
4353	1313	1
4380	1313	1
6124	1313	1
9631	1313	1
2995	1319	1
1281	120	1
3221	1319	1
4380	1319	1
4587	1319	1
4687	1319	1
5014	1319	1
5015	1319	1
5017	1319	1
6901	1319	1
1320	1320	1
7784	3500	1
79	18	1
1461	120	1
1398	1320	1
1475	1320	1
1490	1320	1
1495	1320	1
1746	1320	1
1809	1320	1
1819	1320	1
1827	1320	1
1866	1320	1
2248	1320	1
1964	120	1
2301	1320	1
2514	1320	1
2543	1320	1
2694	1320	1
2740	1320	1
2780	1320	1
2900	1320	1
3060	1320	1
3131	1320	1
3340	1320	1
2416	120	1
3362	1320	1
3596	1320	1
3916	1320	1
3926	1320	1
4133	1320	1
4268	1320	1
4387	1320	1
4404	1320	1
3763	5431	1
4762	1320	1
3242	120	1
5026	1320	1
3763	628	1
5587	1320	1
5955	1320	1
6100	1320	1
2780	8924	1
6372	1320	1
7304	1320	1
4381	1658	1
9922	120	1
16021	1320	1
16463	1320	1
3612	1321	1
4056	1321	1
4163	1321	1
10192	1321	1
12480	1321	1
3414	1322	1
3795	1322	1
9289	1322	1
6311	1463	1
1323	1323	1
1398	1323	1
1443	1323	1
1498	1323	1
1825	1323	1
2060	1323	1
2130	1323	1
2406	1323	1
2661	1323	1
2694	1323	1
6311	10145	1
3019	1323	1
3127	1323	1
3382	1323	1
3414	1323	1
3537	1323	1
3565	1323	1
3606	1323	1
3795	1323	1
3825	1323	1
3855	1323	1
287	121	1
3972	1323	1
4056	1323	1
4108	1323	1
4162	1323	1
4163	1323	1
5253	1323	1
5375	1323	1
5559	1323	1
5706	1323	1
9207	1323	1
292	121	1
9289	1323	1
9302	1323	1
9321	1323	1
9406	1323	1
9433	1323	1
10192	1323	1
10227	1323	1
10458	1323	1
10869	1323	1
11005	1323	1
293	121	1
11763	1323	1
11894	1323	1
11937	1323	1
12479	1323	1
12480	1323	1
13573	1323	1
14371	1323	1
15244	1323	1
16833	1323	1
4381	5119	1
80	18	1
554	121	1
17973	1323	1
18100	1323	1
4381	1872	1
4381	18086	1
3346	1324	1
11966	1324	1
1374	1325	1
1498	1325	1
1525	1325	1
1903	1325	1
733	121	1
4910	1325	1
8910	1325	1
4381	792	1
1787	1326	1
3800	1326	1
9212	1326	1
9299	1327	1
4381	3982	1
1891	1328	1
8880	1328	1
1461	121	1
1329	1329	1
1329	1459	1
1329	15920	1
1574	1330	1
3100	1330	1
6163	1330	1
8491	1330	1
16041	1330	1
2583	1331	1
2537	1332	1
3335	121	1
2760	1332	1
1334	1334	1
1810	1334	1
2608	1334	1
2818	1334	1
2819	1334	1
4424	1334	1
5502	1334	1
4381	1619	1
2798	1335	1
6311	3736	1
4380	1335	1
6097	1335	1
1336	9251	1
2788	1337	1
3399	1337	1
3605	1337	1
5343	1337	1
1342	1338	1
3242	1341	1
8855	121	1
5972	1341	1
18285	1341	1
4381	15650	1
9506	1342	1
4381	216	1
4381	7606	1
4381	1617	1
11936	1343	1
4381	3811	1
122	122	1
6170	4782	1
1347	1345	1
2666	1345	1
3276	1345	1
1456	1346	1
1574	1346	1
1796	1346	1
2436	1346	1
2437	1346	1
2479	1346	1
803	122	1
2867	1346	1
3247	1346	1
3382	1346	1
3570	1346	1
4070	1346	1
4078	1346	1
4533	1346	1
5258	1346	1
5418	1346	1
1006	122	1
6156	1346	1
6780	1346	1
6794	1346	1
7185	1346	1
7521	1346	1
8950	1346	1
9118	1346	1
9123	1346	1
9770	1346	1
10502	1346	1
1417	122	1
11297	1346	1
12048	1346	1
207	4782	1
1348	1347	1
5406	1347	1
5946	1347	1
1461	1348	1
4114	1348	1
1706	1351	1
1414	1355	1
81	18	1
1488	122	1
2799	1355	1
1360	1359	1
3625	1359	1
9061	1359	1
9061	1360	1
1498	1361	1
6859	1361	1
8826	1361	1
12318	1361	1
1381	1363	1
1899	1363	1
3382	1363	1
10917	1363	1
3382	1364	1
1553	1365	1
4175	1367	1
1368	1368	1
2110	1368	1
2300	1368	1
2023	123	1
2610	1368	1
3051	1368	1
1496	1369	1
1577	1369	1
2910	1369	1
2911	1369	1
3165	1369	1
3479	1369	1
3646	1369	1
3927	1369	1
4070	1369	1
4078	1369	1
5055	1369	1
5155	1369	1
5253	1369	1
5382	1369	1
5383	1369	1
6107	1369	1
7211	1369	1
3184	123	1
10408	1369	1
11401	1369	1
11459	1369	1
12192	1369	1
7642	4782	1
688	5222	1
688	713	1
688	2030	1
3183	1373	1
3382	1373	1
5235	123	1
6532	1373	1
2160	1374	1
3946	1379	1
5474	1379	1
1381	1381	1
688	1786	1
1423	1381	1
1425	1381	1
1452	1381	1
1470	1381	1
6101	123	1
688	3805	1
1490	1381	1
2542	1245	1
1727	1381	1
1732	1381	1
1740	1381	1
1807	1381	1
1813	1381	1
1814	1381	1
1819	1381	1
11649	123	1
1820	1381	1
1822	1381	1
1853	1381	1
2301	1381	1
2314	1381	1
2339	1381	1
2381	1381	1
2405	1381	1
2433	1381	1
2518	1381	1
2814	125	1
2545	1381	1
2571	1381	1
2572	1381	1
2635	1381	1
2641	1381	1
2756	1381	1
2780	1381	1
2859	1381	1
2878	1381	1
2949	1381	1
5362	125	1
2971	1381	1
3100	1381	1
3131	1381	1
688	291	1
3596	1381	1
3627	1381	1
3960	1381	1
4021	1381	1
4092	1381	1
4108	1381	1
255	18	1
8923	125	1
4161	1381	1
4234	1381	1
4248	1381	1
4620	1381	1
4669	1381	1
5026	1381	1
5085	1381	1
5116	1381	1
5266	1381	1
5392	1381	1
15096	125	1
5639	1381	1
5687	1381	1
5706	1381	1
5866	1381	1
6401	1381	1
6571	1381	1
8923	1381	1
12257	1381	1
16199	1381	1
18293	1381	1
944	126	1
688	56	1
688	3080	1
1423	1382	1
1501	1382	1
1813	1382	1
2301	1382	1
2998	1382	1
4620	1382	1
688	2968	1
5831	1382	1
950	126	1
6662	1382	1
15210	1382	1
15924	1382	1
1498	1383	1
2735	1383	1
3183	1383	1
3382	1383	1
4115	1383	1
688	3261	1
3334	1384	1
972	126	1
688	11613	1
688	5475	1
1988	1385	1
688	7504	1
688	8931	1
688	10126	1
688	2006	1
688	176	1
2517	1387	1
688	777	1
1381	126	1
688	4725	1
688	7610	1
688	9331	1
1489	1389	1
1505	1389	1
688	11227	1
688	20	1
6288	1391	1
688	10461	1
688	14724	1
1470	126	1
688	1147	1
1489	1395	1
2950	1395	1
3382	1395	1
3729	1395	1
688	13053	1
1397	1396	1
2359	1396	1
4850	1396	1
688	10575	1
1475	126	1
688	8203	1
9222	1397	1
1423	1398	1
1425	1398	1
1429	1398	1
1492	1398	1
1495	1398	1
1503	1398	1
1681	1398	1
1727	1398	1
1490	126	1
1746	1398	1
1807	1398	1
1819	1398	1
1869	1398	1
1870	1398	1
2314	1398	1
2433	1398	1
2514	1398	1
2545	1398	1
2548	1398	1
1496	126	1
688	9522	1
2635	1398	1
2678	1398	1
2859	1398	1
2878	1398	1
2955	1398	1
3121	1398	1
3149	1398	1
3260	1398	1
3362	1398	1
653	18	1
1503	126	1
3657	1398	1
3832	1398	1
3857	1398	1
3926	1398	1
3972	1398	1
3995	1398	1
4320	1398	1
4582	1398	1
4860	1398	1
5116	1398	1
2778	126	1
5668	1398	1
5687	1398	1
5706	1398	1
6391	1398	1
6577	1398	1
9135	1398	1
9304	1398	1
9730	1398	1
10418	1398	1
12257	1398	1
3382	126	1
12299	1398	1
15999	1398	1
688	973	1
1417	1400	1
1414	4782	1
7056	4782	1
13692	3356	1
5280	3356	1
1404	1404	1
3596	126	1
3242	1404	1
9045	6999	1
1404	1405	1
5124	6999	1
6944	6999	1
6894	3280	1
3251	2995	1
3251	6999	1
3688	1409	1
4346	1409	1
4257	126	1
4858	1409	1
10324	6999	1
6828	6999	1
1591	1412	1
1417	1413	1
1466	1413	1
1488	1413	1
1883	1413	1
1966	1413	1
1166	2995	1
252	127	1
6418	6999	1
1425	1414	1
1439	1414	1
1552	1414	1
1885	1414	1
2604	1414	1
2955	1414	1
3026	1414	1
3075	1414	1
3203	1414	1
956	127	1
3751	1414	1
3968	1414	1
4177	1414	1
4402	1414	1
4596	1414	1
4819	1414	1
12942	4484	1
1417	1417	1
1418	1417	1
1419	1417	1
957	127	1
1448	1417	1
1453	1417	1
1461	1417	1
1525	1417	1
1631	1417	1
1759	1417	1
1765	1417	1
1883	1417	1
1957	1417	1
992	127	1
1966	1417	1
1970	1417	1
2029	1417	1
2327	1417	1
1417	2603	1
1417	2666	1
2883	1417	1
1417	2960	1
3901	1417	1
4374	1417	1
503	128	1
5118	1417	1
6033	1417	1
7170	1417	1
8874	1417	1
8962	1417	1
9143	1417	1
16696	1417	1
10995	2995	1
1419	1418	1
1488	1418	1
2900	18	1
977	128	1
1703	1418	1
1883	1418	1
1902	1418	1
2509	1418	1
16383	1418	1
1496	1419	1
1631	1419	1
1759	1419	1
1883	1419	1
1966	1419	1
1095	128	1
2883	1419	1
3479	1419	1
3503	1419	1
1419	3901	1
6033	1419	1
10995	1617	1
16383	1419	1
16717	1419	1
1574	1420	1
1883	1420	1
1574	128	1
4769	1420	1
1883	1421	1
1902	1421	1
1970	1421	1
2674	1421	1
3027	1421	1
16383	1421	1
2358	1422	1
3947	1422	1
1423	1423	1
1859	128	1
1428	1423	1
1429	1423	1
1468	1423	1
1470	1423	1
1477	1423	1
1815	1423	1
2740	1423	1
2780	1423	1
2859	1423	1
2955	1423	1
2799	128	1
2981	1423	1
3171	1423	1
3292	1423	1
3312	1423	1
3313	1423	1
3564	1423	1
3578	1423	1
5378	1423	1
5406	1423	1
6149	1423	1
3321	128	1
6768	1423	1
9332	1423	1
9334	1423	1
17830	1423	1
1424	1424	1
1429	1424	1
1631	1424	1
2553	1424	1
6149	1424	1
1425	1425	1
3811	128	1
1428	1425	1
1470	1425	1
1475	1425	1
1500	1425	1
1819	1425	1
9033	1425	1
10995	808	1
1466	1426	1
1513	1426	1
1764	1426	1
3812	128	1
2936	1426	1
6091	1426	1
4510	4484	1
1428	1428	1
1429	1428	1
1430	1428	1
1726	1428	1
1765	1428	1
1819	1428	1
1825	1428	1
4020	128	1
1903	1428	1
2499	1428	1
2563	1428	1
2859	1428	1
3131	1428	1
3139	1428	1
3842	1428	1
4616	4484	1
4228	1428	1
4582	1428	1
4078	128	1
4767	1428	1
5556	1428	1
6377	1428	1
9267	1428	1
10381	1428	1
16256	1428	1
1429	1429	1
1470	1429	1
1815	1429	1
1903	1429	1
10	10	1
4245	128	1
2635	1429	1
3028	1429	1
3313	1429	1
3596	1429	1
5406	1429	1
9332	1429	1
9334	1429	1
10529	1429	1
12086	1429	1
1765	1430	1
5765	128	1
1819	1430	1
2496	1430	1
6377	1430	1
3664	3356	1
3664	4484	1
8124	4484	1
9281	3356	1
1976	1431	1
3183	1431	1
6011	128	1
1976	1432	1
1976	1433	1
2510	1433	1
2845	1433	1
1433	4639	1
5812	1433	1
6033	1433	1
1902	1434	1
2249	1434	1
6296	1434	1
6271	128	1
7200	1434	1
8454	1434	1
9252	1434	1
9281	4484	1
1435	1435	1
1456	1435	1
1577	1435	1
1606	1435	1
1859	1435	1
131	129	1
1909	1435	1
9281	6999	1
2416	1435	1
2941	1435	1
3247	1435	1
8517	4484	1
14874	2995	1
8341	4484	1
4761	1435	1
134	129	1
5189	1435	1
5212	1435	1
5599	1435	1
5892	1435	1
2542	4712	1
8935	1435	1
9660	1435	1
10378	1435	1
11485	1435	1
18043	1435	1
137	129	1
2476	2995	1
2476	3356	1
2476	4484	1
1540	1436	1
1751	1436	1
4639	1436	1
9704	4484	1
3203	1437	1
3670	1437	1
5026	1437	1
401	129	1
11769	1437	1
11894	1437	1
12075	1437	1
2703	1438	1
2919	1439	1
3382	1439	1
3384	1439	1
3499	1439	1
3736	1439	1
1399	129	1
3907	1439	1
4379	1439	1
4819	1439	1
4896	1439	1
4935	1439	1
5559	1439	1
9260	1439	1
1498	1442	1
6341	1442	1
16397	129	1
1444	1443	1
1476	1443	1
1443	2765	1
3089	1443	1
3090	1443	1
3131	1443	1
15899	3356	1
8888	1443	1
15937	1443	1
15899	4484	1
3213	18	1
3946	130	1
4317	4484	1
4663	1444	1
9260	1444	1
16373	1444	1
1580	1447	1
2509	1447	1
2517	1447	1
1448	1448	1
9283	1448	1
11769	1448	1
6311	3737	1
11069	4484	1
7408	4484	1
2433	1451	1
3414	1451	1
3415	1451	1
3851	1451	1
6049	1451	1
10942	1451	1
524	4484	1
169	133	1
9811	2995	1
3852	1452	1
9811	11796	1
5434	1452	1
5448	1452	1
5791	1452	1
6876	1452	1
10525	1452	1
12360	1452	1
16420	1452	1
252	133	1
18304	1452	1
9811	8892	1
9811	1014	1
1706	1453	1
2394	1453	1
3028	1453	1
3619	1453	1
3851	1453	1
4087	1453	1
458	133	1
4752	1453	1
5454	1453	1
6919	1453	1
7181	1453	1
7189	1453	1
7198	1453	1
7200	1453	1
9128	1453	1
10837	1453	1
11831	1453	1
682	133	1
15175	1453	1
1574	1454	1
1576	1454	1
1806	1454	1
1859	1454	1
2483	1454	1
2533	1454	1
2911	1454	1
3143	1454	1
4459	1454	1
774	133	1
9690	1454	1
9811	355	1
18346	4484	1
1455	1455	1
2509	1455	1
4183	1455	1
5054	1455	1
6735	1455	1
9982	1455	1
11656	1455	1
777	133	1
1456	1456	1
1565	1456	1
1778	1456	1
1909	1456	1
2670	1456	1
2675	1456	1
2737	1456	1
2913	1456	1
2931	1456	1
2941	1456	1
1058	133	1
3143	1456	1
3148	1456	1
3337	1456	1
4022	1456	1
4078	1456	1
4386	1456	1
4533	1456	1
4787	1456	1
4788	1456	1
4913	1456	1
1144	133	1
5212	1456	1
5349	1456	1
5380	1456	1
5382	1456	1
5383	1456	1
6375	1456	1
6442	1456	1
7177	1456	1
7202	1456	1
7517	1456	1
3246	18	1
1860	133	1
8870	1456	1
15864	4484	1
8925	1456	1
8935	1456	1
9394	1456	1
9994	1456	1
11446	1456	1
12339	1456	1
13059	1456	1
13123	1456	1
2359	133	1
15982	1456	1
16208	1456	1
16797	1456	1
17874	1456	1
1457	1457	1
1470	1457	1
2694	1457	1
2786	1457	1
3183	1457	1
2509	133	1
3897	1457	1
4954	1457	1
5006	1457	1
5490	1457	1
5639	1457	1
7180	1457	1
8350	1457	1
5935	1458	1
6449	4484	1
11874	1459	1
2517	133	1
12088	1459	1
6973	1460	1
1461	1641	1
1461	2463	1
3503	1461	1
7178	1461	1
4177	4484	1
1902	1462	1
6091	133	1
2666	1462	1
6304	1462	1
8965	1462	1
9985	1462	1
3652	1463	1
4170	1463	1
4171	1463	1
10309	1463	1
3652	1464	1
10144	4484	1
6501	133	1
1514	1465	1
1473	1466	1
1488	1466	1
1764	1466	1
1466	1964	1
2384	1466	1
2801	1466	1
3503	1466	1
1488	1467	1
733	4484	1
6715	133	1
13340	4484	1
1468	1468	1
1468	1859	1
2777	1468	1
2799	1468	1
3114	1468	1
1468	3384	1
3457	1468	1
3459	1468	1
3522	1468	1
7205	133	1
3627	1468	1
3904	1468	1
5309	4484	1
4462	1468	1
5446	1468	1
5878	1468	1
6138	1468	1
8911	1468	1
9567	1468	1
15317	133	1
10257	1468	1
11460	1468	1
15942	1468	1
4484	1617	1
1469	1469	1
1496	1469	1
1813	1469	1
1818	1469	1
2405	1469	1
3312	1469	1
6311	4773	1
3403	1469	1
3479	1469	1
3539	1469	1
1469	3756	1
3886	1469	1
3995	1469	1
4485	1469	1
1469	4677	1
5014	1469	1
5017	1469	1
4981	18	1
3001	134	1
6850	1469	1
9863	1469	1
11424	1469	1
12014	1469	1
13952	1469	1
1469	16283	1
4484	4260	1
1494	1470	1
1498	1470	1
1499	1470	1
135	135	1
1861	1470	1
1470	2571	1
2572	1470	1
1470	2777	1
2780	1470	1
1470	2824	1
2859	1470	1
2878	1470	1
2971	1470	1
3001	1470	1
138	135	1
3028	1470	1
3075	1470	1
1470	3131	1
1470	3301	1
3596	1470	1
1470	3916	1
3937	1470	1
1470	4185	1
4292	1470	1
4582	1470	1
287	135	1
4603	1470	1
4620	1470	1
1470	5037	1
1470	5086	1
5102	1470	1
1470	5116	1
5222	1470	1
5394	1470	1
1470	5475	1
5631	1470	1
1140	135	1
5669	1470	1
5772	1470	1
1470	5866	1
5920	1470	1
6196	1470	1
1470	6372	1
6373	1470	1
6392	1470	1
6571	1470	1
9033	1470	1
135	1142	1
9405	1470	1
11645	1470	1
11888	1470	1
11996	1470	1
16195	1470	1
1460	4484	1
6781	1471	1
1496	1472	1
3479	1472	1
1488	1473	1
1205	135	1
1964	1473	1
1966	1473	1
2384	1473	1
2641	1473	1
11079	4484	1
1756	1474	1
2571	1474	1
3075	1474	1
3825	1474	1
7189	1474	1
1399	135	1
7207	1474	1
11290	1474	1
12038	1474	1
1475	1475	1
1490	1475	1
1495	1475	1
1501	1475	1
1674	1475	1
1809	1475	1
1475	1819	1
1453	135	1
1861	1475	1
2514	1475	1
2824	1475	1
2971	1475	1
3026	1475	1
3028	1475	1
8441	4484	1
3362	1475	1
1475	3912	1
3926	1475	1
1895	135	1
4228	1475	1
12150	4484	1
4620	1475	1
5037	1475	1
5153	1475	1
5604	1475	1
5631	1475	1
5772	1475	1
1475	5866	1
5920	1475	1
5725	18	1
2509	135	1
6196	1475	1
6392	1475	1
1475	6476	1
6849	1475	1
1475	8382	1
9405	1475	1
11645	1475	1
11994	1475	1
11996	1475	1
16195	1475	1
3024	135	1
17635	1475	1
9758	4484	1
5544	4484	1
1475	4201	1
4557	4484	1
3180	4484	1
2995	5119	1
1475	9180	1
2995	7249	1
1475	1381	1
4002	135	1
1475	3131	1
1476	1476	1
1479	1476	1
1501	1476	1
1552	1476	1
1819	1476	1
3344	1476	1
3358	1476	1
1476	241	1
2995	13124	1
6091	135	1
1490	1477	1
1477	1496	1
1477	1819	1
1869	1477	1
1870	1477	1
2518	1477	1
2707	1477	1
2712	1477	1
3028	1477	1
3031	1477	1
6311	3404	1
1477	3301	1
4248	1477	1
4289	1477	1
1477	5037	1
5418	1477	1
9058	1477	1
1477	1235	1
2995	16116	1
2995	6385	1
4199	1478	1
6311	4242	1
1503	1479	1
1885	1479	1
3026	1479	1
4390	1479	1
1496	1480	1
2619	1480	1
3382	1480	1
3479	1480	1
6577	1481	1
5828	1482	1
277	136	1
6075	1482	1
1484	1484	1
1619	1484	1
1628	1484	1
1642	1484	1
2097	1484	1
2353	1484	1
3905	1484	1
4847	1484	1
4921	1484	1
771	136	1
5253	1484	1
5255	1484	1
5256	1484	1
5257	1484	1
5258	1484	1
5259	1484	1
5261	1484	1
5263	1484	1
5352	1484	1
6700	1484	1
774	136	1
9197	1484	1
9250	1484	1
11378	1484	1
16065	1484	1
2995	4702	1
2995	15977	1
1786	1485	1
3905	1485	1
5212	1485	1
16000	1485	1
1071	136	1
1486	1486	1
2173	1486	1
2353	1486	1
3905	1486	1
1486	4229	1
4921	1486	1
5255	1486	1
5259	1486	1
5261	1486	1
5352	1486	1
6611	18	1
1131	136	1
4819	1487	1
1487	6320	1
1487	12011	1
2995	813	1
17266	1487	1
2995	117	1
1510	1488	1
1488	1763	1
1764	1488	1
1765	1488	1
1229	136	1
1956	1488	1
1970	1488	1
1976	1488	1
2385	1488	1
1488	2974	1
3412	1488	1
1456	136	1
3503	1488	1
3561	1488	1
4148	1488	1
1488	4374	1
1488	4567	1
1488	5184	1
6033	1488	1
6377	1488	1
7524	1488	1
2995	1549	1
1761	136	1
2995	5081	1
2995	8897	1
1488	8426	1
1488	1325	1
2995	16096	1
2995	9113	1
1488	7182	1
1488	1883	1
2995	9198	1
2995	559	1
1859	136	1
2995	17429	1
1505	1489	1
1618	1489	1
1986	1489	1
2568	1489	1
3347	1489	1
7316	1489	1
15914	1489	1
2995	11937	1
2995	7985	1
1909	136	1
1503	1490	1
2125	1490	1
1490	2777	1
2824	1490	1
2878	1490	1
2971	1490	1
3596	1490	1
4955	1490	1
5876	1490	1
8935	1490	1
2260	136	1
1491	1491	1
3026	1491	1
3081	1491	1
3184	1491	1
1491	241	1
2951	1492	1
3665	1492	1
1493	1493	1
3135	1493	1
2670	136	1
3224	1493	1
3324	1493	1
1856	1494	1
1858	1494	1
2780	1494	1
2820	1494	1
2859	1494	1
3060	1494	1
3224	1494	1
3225	1494	1
136	3143	1
3324	1494	1
4132	1494	1
8881	1494	1
1495	1495	1
1681	1495	1
1729	1495	1
1809	1495	1
1851	1495	1
1495	2553	1
2635	1495	1
4078	136	1
2780	1495	1
3060	1495	1
3131	1495	1
1495	3362	1
3657	1495	1
1495	3832	1
4996	1495	1
5136	1495	1
5394	1495	1
1495	5480	1
7039	18	1
4360	136	1
5772	1495	1
1495	5866	1
5920	1495	1
5955	1495	1
1495	6588	1
6767	1495	1
7352	1495	1
8881	1495	1
8923	1495	1
16380	1495	1
4517	136	1
1496	1496	1
1500	1496	1
1496	1574	1
1496	1577	1
1496	1701	1
1496	1702	1
1496	1796	1
1496	1801	1
1496	1810	1
1496	1835	1
5380	136	1
1496	1859	1
1870	1496	1
2092	1496	1
2407	1496	1
2553	1496	1
2619	1496	1
2726	1496	1
2780	1496	1
2798	1496	1
1496	2814	1
136	6045	1
1496	2835	1
1496	2862	1
2995	18257	1
1496	2995	1
3164	1496	1
3168	1496	1
1496	3288	1
3301	1496	1
1496	3402	1
3403	1496	1
7206	136	1
3420	1496	1
3522	1496	1
1496	3570	1
1496	3746	1
1496	3756	1
1496	3926	1
3937	1496	1
3942	1496	1
4031	1496	1
1496	4070	1
7517	136	1
4123	1496	1
4125	1496	1
4169	1496	1
1496	4295	1
4297	1496	1
1496	4349	1
4485	1496	1
4488	1496	1
1496	4506	1
1496	4532	1
9014	136	1
1496	4541	1
4579	1496	1
4677	1496	1
4953	1496	1
5037	1496	1
5188	1496	1
5459	1496	1
1496	5461	1
5610	1496	1
1496	5866	1
9023	136	1
1496	6373	1
6436	1496	1
1496	6437	1
6850	1496	1
1496	8303	1
8927	1496	1
9101	1496	1
9216	1496	1
1496	9273	1
9467	1496	1
9045	136	1
9468	1496	1
1496	9525	1
1496	9942	1
1496	13868	1
13952	1496	1
1496	14346	1
1496	14815	1
1496	15921	1
2995	8891	1
2995	7815	1
6311	807	1
1496	11535	1
1497	1497	1
1498	1498	1
1503	1498	1
1504	1498	1
1498	1536	1
1498	1584	1
1498	1615	1
1628	1498	1
1641	1498	1
9254	18	1
6311	808	1
1642	1498	1
1754	1498	1
1498	1819	1
2995	1617	1
1498	1859	1
5076	4484	1
1498	1900	1
1498	1902	1
1498	1990	1
1498	2367	1
2517	137	1
1498	2421	1
2444	1498	1
1498	2506	1
1498	2513	1
2514	1498	1
1498	2637	1
1498	2729	1
1498	2752	1
2820	1498	1
2894	1498	1
169	138	1
2917	1498	1
2952	1498	1
1498	3122	1
3168	1498	1
1498	3174	1
3183	1498	1
1498	3260	1
1498	3339	1
3357	1498	1
3404	1498	1
252	138	1
1498	3420	1
3511	1498	1
3582	1498	1
3627	1498	1
1498	3685	1
1498	3828	1
1498	3851	1
1498	3855	1
3857	1498	1
1498	3871	1
400	138	1
3872	1498	1
1498	3883	1
3897	1498	1
1498	3925	1
1498	3948	1
1498	3962	1
4068	1498	1
1498	4191	1
4199	1498	1
1498	4235	1
403	138	1
1498	4548	1
1498	4579	1
11097	4484	1
5093	1498	1
1498	5129	1
5255	1498	1
5263	1498	1
1498	5461	1
5639	1498	1
1498	5708	1
412	138	1
1498	5982	1
1498	6002	1
1498	6177	1
1498	6420	1
1498	6850	1
1498	7510	1
7517	1498	1
1498	7519	1
1498	8910	1
653	138	1
1498	8959	1
8973	1498	1
1498	9235	1
9470	1498	1
9689	1498	1
1498	9733	1
9747	1498	1
10280	1498	1
10436	1498	1
10517	1498	1
1028	138	1
1498	11769	1
1498	13628	1
1498	15921	1
15922	1498	1
1498	15999	1
1498	16291	1
1498	16650	1
1498	4726	1
1498	1228	1
1498	6769	1
1058	138	1
1498	8366	1
6269	4484	1
1498	1844	1
1503	1499	1
1499	1536	1
1684	1499	1
1499	1902	1
1499	1990	1
1499	2248	1
1499	2506	1
9524	18	1
1200	138	1
2669	1499	1
2880	1499	1
2917	1499	1
1499	3122	1
1499	3139	1
1499	3685	1
1499	3828	1
3897	1499	1
1499	3925	1
4095	1499	1
1418	138	1
1499	4191	1
4213	1499	1
4221	1499	1
1499	4235	1
5100	1499	1
5418	1499	1
5556	1499	1
5639	1499	1
5799	1499	1
1499	6002	1
1419	138	1
1499	6850	1
1499	7519	1
8902	1499	1
9747	1499	1
10166	1499	1
10419	1499	1
10436	1499	1
1499	13628	1
15926	1499	1
1499	2578	1
1421	138	1
1499	663	1
10660	4484	1
14354	4484	1
1500	1500	1
1503	1500	1
1819	1500	1
2820	1500	1
2884	1500	1
2981	1500	1
3080	1500	1
1671	138	1
1500	3648	1
3883	1500	1
4095	1500	1
4234	1500	1
4921	1500	1
5100	1500	1
5137	1500	1
5556	1500	1
5668	1500	1
5799	1500	1
1765	138	1
6103	1500	1
1500	9733	1
9747	1500	1
11817	1500	1
1500	12011	1
15926	1500	1
1500	16291	1
3734	4484	1
1501	1501	1
1504	1501	1
1815	138	1
1501	1630	1
1501	1990	1
1501	2506	1
1501	2534	1
1501	2667	1
1501	2732	1
1501	2738	1
1501	2777	1
2780	1501	1
2820	1501	1
1819	138	1
1501	2824	1
1501	2834	1
1501	2891	1
2941	1501	1
3131	1501	1
1501	3139	1
3168	1501	1
1501	3289	1
3385	1501	1
3857	1501	1
1860	138	1
10829	4484	1
1501	4068	1
1501	4078	1
4091	1501	1
1501	4212	1
4234	1501	1
1501	4881	1
5100	1501	1
5556	1501	1
5639	1501	1
1999	138	1
1501	6002	1
1501	6177	1
1501	6441	1
1501	6850	1
7400	1501	1
1501	8855	1
8912	1501	1
1501	8981	1
9747	1501	1
10419	1501	1
17624	18	1
2384	138	1
1501	13628	1
15112	1501	1
15213	1501	1
15942	1501	1
16185	1501	1
16199	1501	1
1502	1902	1
2820	1502	1
2917	1502	1
1502	3122	1
2385	138	1
1502	3139	1
3184	1502	1
1502	3685	1
1502	3828	1
1502	3925	1
4095	1502	1
1502	4191	1
1502	4235	1
4926	1502	1
5639	1502	1
2522	138	1
5799	1502	1
5994	1502	1
1502	6002	1
6316	1502	1
1502	6850	1
8839	1502	1
9402	1502	1
9747	1502	1
1502	13628	1
15926	1502	1
2780	138	1
16291	1502	1
1502	18703	1
11499	4484	1
1503	1503	1
1574	1503	1
1710	1503	1
1819	1503	1
1852	1503	1
10513	4484	1
2437	1503	1
2856	138	1
2506	1503	1
2530	1503	1
2777	1503	1
3587	1503	1
3850	1503	1
4221	1503	1
5156	1503	1
5247	1503	1
5537	1503	1
6311	7599	1
9015	1503	1
9117	1503	1
13628	1503	1
16379	1503	1
17447	1503	1
18043	1503	1
10171	4484	1
1819	1504	1
1504	1990	1
3382	138	1
2235	1504	1
2730	1504	1
2799	1504	1
2542	6763	1
1504	3184	1
3313	1504	1
3319	1504	1
3833	1504	1
3909	1504	1
3951	1504	1
3765	138	1
3356	5119	1
1504	4462	1
4478	1504	1
4620	1504	1
5556	1504	1
6316	1504	1
6372	1504	1
1504	6441	1
1504	6850	1
8973	1504	1
3775	138	1
9051	1504	1
9212	1504	1
9213	1504	1
9283	1504	1
9733	1504	1
9747	1504	1
1504	10033	1
10138	1504	1
10436	1504	1
1504	13628	1
3776	138	1
3356	18086	1
3356	15650	1
1504	16291	1
18703	1504	1
3356	2866	1
3356	6256	1
1859	1505	1
2550	1505	1
2568	1505	1
3347	1505	1
100	10	1
43	19	1
3793	138	1
4385	1505	1
4541	1505	1
5586	1505	1
7316	1505	1
9216	1505	1
9511	1505	1
3356	592	1
14684	1505	1
3356	11607	1
3356	2949	1
4087	138	1
3356	71	1
1839	1508	1
1840	1508	1
11768	1508	1
3356	9307	1
1509	1509	1
2137	1509	1
3356	6230	1
3356	10650	1
3356	9996	1
4090	138	1
3356	15718	1
3356	4382	1
2363	1510	1
2364	1510	1
4022	1511	1
1855	1512	1
2463	1512	1
2506	1512	1
2722	1512	1
1512	2960	1
4199	138	1
4380	1512	1
5118	1512	1
1512	1241	1
1656	1513	1
1515	1515	1
6281	1515	1
3356	18348	1
1684	1517	1
1817	1517	1
2728	1517	1
4582	138	1
3017	1517	1
6059	1517	1
12035	1517	1
16850	1517	1
1517	1693	1
1518	1518	1
1810	1518	1
2534	1518	1
2668	1518	1
3605	1518	1
5223	138	1
4078	1518	1
6427	1518	1
14346	1518	1
3356	10169	1
4328	1519	1
3356	1929	1
1524	1521	1
3575	1521	1
10106	1521	1
1521	393	1
5462	138	1
3356	13634	1
2789	1522	1
3575	1522	1
3356	1617	1
2131	4484	1
1524	1524	1
1525	2463	1
1525	2644	1
8874	1525	1
4889	4484	1
5812	138	1
4889	6999	1
9040	4484	1
11111	4484	1
1529	1529	1
2405	1529	1
12473	1529	1
16222	1529	1
4835	4484	1
1531	1530	1
2002	1530	1
6194	138	1
2420	1530	1
6717	4484	1
8871	4484	1
1532	1532	1
1532	1535	1
1532	1538	1
2405	1532	1
3348	1532	1
9004	138	1
18306	4484	1
9242	1533	1
9853	1533	1
2394	1534	1
3065	1534	1
3414	1534	1
3565	1534	1
105	19	1
9674	138	1
5014	1534	1
5015	1534	1
5017	1534	1
5100	1534	1
5406	1534	1
5946	1534	1
2164	1535	1
2312	1535	1
12023	138	1
4566	1535	1
5345	1535	1
5375	1535	1
6735	1535	1
6736	1535	1
9435	1535	1
9436	1535	1
10181	1535	1
10188	1535	1
10565	1535	1
12181	138	1
15273	1535	1
10280	4484	1
3183	1536	1
3382	1536	1
3672	1536	1
11768	1536	1
1536	241	1
4483	4484	1
2406	1537	1
2502	1537	1
15455	138	1
2661	1537	1
1537	2694	1
3240	1537	1
3855	1537	1
4163	1537	1
5706	1537	1
9253	1537	1
11860	1537	1
12102	1537	1
12103	1537	1
16488	138	1
14371	1537	1
2679	4484	1
3547	1538	1
4887	4484	1
6079	1538	1
8303	1538	1
9135	1538	1
11363	1538	1
12034	4484	1
6311	6542	1
2863	1539	1
10339	4484	1
16367	1539	1
7895	4484	1
5345	1540	1
9436	1540	1
15273	1540	1
1722	1541	1
2863	1541	1
6311	3244	1
3031	1541	1
3334	1541	1
4684	1541	1
4781	1541	1
5026	1541	1
5375	1541	1
9787	1541	1
10917	1541	1
11477	1541	1
15282	1541	1
583	139	1
15732	1541	1
5067	4484	1
1722	1542	1
1850	1542	1
2863	1542	1
3741	1542	1
4684	1542	1
5375	1542	1
5460	1542	1
5813	1542	1
1166	139	1
6702	1542	1
8957	1542	1
9667	1542	1
10643	1542	1
15249	1542	1
15732	1542	1
17559	1542	1
1543	2114	1
1543	2312	1
1543	3081	1
3143	139	1
3730	1543	1
3934	1543	1
1543	3941	1
5375	1543	1
6181	1543	1
6575	1543	1
6736	1543	1
1543	7206	1
9292	1543	1
9826	1543	1
547	19	1
3319	139	1
8493	4484	1
13341	4484	1
1812	1544	1
5460	1544	1
5813	1544	1
11494	1544	1
15249	1544	1
1545	1545	1
1869	1545	1
3371	1545	1
4556	139	1
3382	1545	1
3944	1545	1
4056	1545	1
5020	1545	1
5375	1545	1
5537	1545	1
9540	1545	1
11483	1545	1
11528	1545	1
11763	1545	1
5949	139	1
15208	1545	1
15214	1545	1
16420	1545	1
7841	4484	1
3382	1546	1
3810	1546	1
6117	1546	1
1547	1547	1
3371	1547	1
3944	1547	1
5950	139	1
4095	1547	1
6117	1547	1
11483	1547	1
15208	1547	1
15214	1547	1
15926	1547	1
16106	1547	1
18206	1547	1
3371	1548	1
4056	1548	1
16029	139	1
15208	1548	1
2060	1549	1
3855	1549	1
6117	1549	1
6473	1549	1
7258	1549	1
7615	1549	1
9013	1549	1
9687	1549	1
9738	1549	1
2997	140	1
9943	1549	1
11476	1549	1
11479	1549	1
11528	1549	1
11544	1549	1
12185	1549	1
16292	1549	1
1549	241	1
2380	4484	1
4782	15942	1
16176	140	1
2262	1550	1
9013	1550	1
9687	1550	1
11528	1550	1
1550	241	1
1552	1552	1
1885	1552	1
1552	2878	1
3028	1552	1
3537	1552	1
6311	2095	1
4248	1552	1
4392	1552	1
4393	1552	1
6372	1552	1
11451	1552	1
4782	808	1
1616	1553	1
5156	1553	1
7204	1553	1
1858	1554	1
141	141	1
1555	1555	1
2754	1555	1
3324	1555	1
4132	1555	1
11526	1555	1
15282	1555	1
2818	1556	1
12170	3280	1
8913	1556	1